1000 100
34 39
18 28
10 34
27 36
22 50
39 70
6 37
53 74
27 41
28 65
28 61
4 29
68 74
74 101
43 77
63 101
31 67
62 74
38 45
6 31
71 88
8 58
48 85
38 44
58 72
73 76
101 112
48 59
119 129
38 83
32 111
81 140
115 121
134 157
77 104
37 111
27 56
94 169
5 91
131 170
19 52
139 144
114 149
98 193
39 45
88 96
126 203
100 210
108 144
24 71
34 121
176 207
51 66
183 234
86 194
14 86
177 276
60 63
197 202
186 229
99 141
8 138
205 341
124 189
140 285
58 198
35 184
104 138
141 236
12 91
210 264
167 263
169 311
192 226
120 257
216 301
245 313
169 228
51 57
100 167
116 190
130 268
105 216
137 242
159 165
134 239
194 275
240 387
28 84
169 246
20 174
149 296
139 228
48 185
157 290
294 443
77 272
257 305
295 505
323 511
25 229
304 378
162 189
252 303
222 360
12 98
157 387
241 435
274 371
68 263
319 502
167 317
197 253
301 454
319 441
50 244
361 441
384 434
60 94
60 245
176 177
385 532
129 335
223 324
73 117
46 265
181 279
144 281
268 371
138 298
292 326
148 257
142 242
290 427
269 371
232 505
363 557
109 351
37 95
303 360
181 235
333 427
3 76
12 46
448 504
97 267
467 692
244 404
233 549
205 417
342 494
370 511
200 520
23 149
115 178
488 509
422 640
506 573
5 341
159 410
160 269
349 607
13 174
183 305
493 729
478 804
297 396
364 503
225 371
353 631
52 211
71 389
216 480
478 771
460 773
164 380
43 266
294 574
503 670
520 758
496 712
52 242
386 532
495 557
562 727
450 543
19 200
548 737
117 325
101 491
244 541
381 435
185 575
434 524
380 696
417 821
81 325
394 536
390 551
582 976
582 986
250 450
532 956
80 341
34 111
578 705
572 821
401 776
531 746
620 924
392 507
643 941
23 289
63 471
6 194
415 828
151 159
682 1013
73 222
514 887
248 623
391 730
296 537
203 249
633 740
615 653
376 818
9 399
77 357
161 353
508 584
504 918
698 883
731 823
364 636
536 911
218 345
531 561
402 439
663 872
285 777
737 827
686 1043
618 841
409 506
355 681
320 448
247 299
720 964
647 1140
125 210
337 443
294 465
777 1143
775 965
538 754
90 114
72 518
775 1061
749 888
176 227
169 616
655 989
684 1215
604 740
208 634
132 631
427 645
454 852
374 388
610 945
641 909
253 463
352 899
153 502
450 829
192 655
818 1122
314 325
687 762
706 861
279 518
77 174
756 1145
758 1113
499 873
190 215
853 1277
497 891
529 984
290 657
174 193
376 689
206 674
474 1059
528 677
516 580
925 1515
878 951
505 722
347 574
184 442
866 979
637 1207
859 1405
526 813
463 713
568 974
944 1084
433 810
567 899
384 553
518 976
209 773
804 1087
536 711
293 345
879 1033
516 712
26 399
264 760
651 1016
988 1294
890 1060
456 715
94 200
521 642
196 401
429 554
564 1105
216 808
240 253
695 965
220 671
848 1390
570 793
950 1474
7 71
900 1183
846 1528
905 1548
899 1197
982 1141
32 695
580 1262
125 532
1066 1209
514 1184
861 1390
877 919
515 1094
62 105
387 966
702 859
509 834
274 769
125 357
709 1340
284 849
549 1196
914 1600
2 451
944 1455
883 1090
382 561
1123 1323
1056 1289
170 829
774 1169
292 631
50 226
293 481
188 418
404 520
139 230
249 830
403 871
377 889
358 460
1004 1323
667 730
74 406
1035 1689
27 364
1080 1162
1034 1552
163 782
801 812
414 719
365 1012
1163 1193
463 628
489 610
81 717
336 869
648 1150
954 1125
983 1254
393 1151
1163 1819
153 968
3 209
536 1348
680 778
242 719
13 748
908 1211
993 1233
658 1152
565 707
485 1217
499 950
1247 1746
811 1569
1007 1312
1264 1389
951 1535
5 597
58 734
674 1458
641 732
1176 2001
1243 1461
1050 1513
793 1003
97 250
1214 1649
187 275
127 259
493 777
308 451
509 1301
641 872
718 1053
856 1609
1327 1520
764 1048
74 129
710 912
900 1567
1192 1619
1163 1971
619 1340
738 936
72 979
501 523
656 1219
1374 1480
618 1086
947 1435
40 229
622 1111
76 371
355 669
358 691
341 818
1185 1460
614 1443
941 1046
697 709
811 1277
281 1112
740 826
791 1035
1089 1706
1291 2042
417 867
1282 2116
457 794
1145 1998
1229 1472
947 1354
43 505
1338 2178
339 1096
964 1304
879 1531
343 454
1171 1692
579 714
844 1124
190 685
1406 2348
1204 1650
1044 1089
226 1046
23 304
490 1333
1161 1333
666 1543
1082 1621
694 1023
453 665
1364 1773
367 1134
439 984
499 1358
447 1116
1102 1415
265 693
1365 2280
312 499
1427 1671
675 1549
341 663
309 914
1532 1568
818 939
28 961
1486 2471
1360 2242
111 388
922 1147
1487 2509
187 835
339 1158
506 1483
1128 2001
621 1666
121 334
109 371
772 1128
684 1192
900 1220
1310 2039
394 542
506 859
1397 1488
1090 1283
371 949
376 1020
1626 2383
333 378
1358 1496
465 1090
674 1631
1634 2546
1025 2119
916 940
125 1067
776 1355
878 1712
637 1604
1543 2097
655 1090
1163 2000
104 559
1255 2009
812 1039
1680 2560
1291 1583
261 1161
829 1733
1142 2137
1069 1325
536 738
1348 1703
522 1427
1164 2206
379 685
780 1807
765 1864
820 1183
1281 2126
1540 2380
328 1316
755 970
45 526
781 806
59 1204
1662 1762
470 880
1071 2164
554 744
86 107
1547 1764
1697 2650
1125 1461
59 1190
1008 1257
1473 1871
877 1875
1087 2112
487 1671
1220 1642
314 803
646 960
117 194
912 1040
244 879
270 1001
1001 1604
1595 2578
1382 2119
1629 2070
1191 1465
991 1658
1332 2280
1251 2130
534 993
888 1167
1095 2141
663 671
1380 2143
871 968
1704 2886
1093 1845
428 1487
577 1329
1392 1693
1823 2380
1315 2078
1291 2037
349 397
68 740
1684 1998
170 894
1051 2295
884 1754
1316 1535
78 192
1026 1817
100 1089
229 1008
705 1951
54 86
98 1238
1408 2306
1301 2104
248 646
1826 2756
519 1471
1527 2596
161 1397
983 1087
1296 2466
176 462
887 1911
1366 1461
1261 2413
455 1746
1442 2430
1921 2924
24 144
30 859
705 1641
604 1861
1190 1858
451 1543
825 2005
527 1004
146 246
234 436
547 674
157 582
1794 2959
1332 1352
1103 1724
903 1508
433 871
606 1272
1173 1371
1701 2309
1181 2249
262 1109
1875 2122
1508 1535
43 443
1140 1473
2035 3310
575 1765
682 785
1777 3127
751 1429
578 1136
107 573
1482 2086
312 1228
1090 1346
1198 2373
1362 2186
578 1536
517 764
880 1322
1803 2644
1948 3312
909 2188
1681 2690
1792 1922
1979 3245
59 300
517 1615
101 1170
1109 2011
884 987
807 823
1434 2647
860 1095
104 521
781 1514
2027 3037
361 1641
1509 1851
514 1849
1785 2421
1707 2293
249 291
958 1018
1091 1919
2115 3357
1036 1380
10 545
1059 2211
1908 2857
1336 2050
2110 2363
1900 2631
991 1717
638 999
1276 2670
1007 1337
1268 2593
263 1278
1090 1273
229 475
1592 2507
1208 1489
1873 1911
342 759
1360 1423
1742 2309
1640 2963
1025 1908
751 1696
2119 2487
1083 2125
1858 2802
2052 2757
1678 2670
1686 2703
386 1568
2052 3166
973 2153
1315 2753
1793 1950
669 887
299 1102
2217 3284
999 1490
1849 3007
2272 2470
1954 3210
1475 2232
1253 1287
1614 3076
204 486
249 1493
217 1256
663 1777
2030 3330
1325 2787
1209 2114
1959 3251
1728 3252
2107 2193
1090 1636
45 334
966 1519
917 1787
221 1259
804 2317
2309 3583
123 1245
91 623
1703 2797
1653 3140
1547 1599
117 192
27 1580
248 937
1168 1696
1249 2703
816 1036
976 2225
2169 2661
789 1669
738 2208
708 1360
655 702
122 1709
2398 3532
1442 3024
813 1073
957 1773
439 1916
1539 1780
1734 1779
1161 2721
2101 2384
1467 2639
2405 3406
349 514
1589 1630
228 665
1209 2528
123 400
2027 3438
337 1247
1597 2427
1025 1962
2327 3054
453 1526
178 589
1884 2685
84 1515
1810 1891
30 980
1746 3398
1486 2901
230 664
1484 3068
2094 2335
153 1292
1192 1890
1192 2109
1457 2572
204 1364
859 1451
1839 2577
315 661
90 502
1595 2692
1099 1709
1892 2976
2039 3461
891 1266
1990 2943
912 1486
290 346
22 325
373 520
851 1350
1808 3312
1868 2114
114 1036
561 1833
2479 3592
2520 4146
1685 2910
731 1888
1529 1894
746 1624
1226 2513
2149 2926
719 1588
1476 3101
2026 2272
189 738
1029 1696
1591 2694
1823 3176
1748 3343
1956 3297
1551 1881
599 2216
203 930
703 2336
528 1977
970 2261
584 2193
2321 2531
564 1348
567 1172
1703 1943
2180 2965
2221 2775
11 1496
2043 3104
2005 2998
1105 2283
796 1238
1736 3336
1222 2921
2075 2725
1472 2307
1122 1574
499 654
1715 2185
2299 3202
1251 1685
2281 2325
1189 1200
986 1929
1825 2332
979 2625
2684 3672
2101 2207
607 1633
482 1793
703 869
67 1280
9 612
1369 3181
1931 1964
1297 1624
600 2248
235 277
370 2039
2104 2252
413 1786
136 1704
768 1608
1161 1227
2198 3827
2722 4347
1844 1873
415 1425
238 403
1775 3280
496 524
1455 3139
634 1294
2639 4486
1530 2040
1912 2753
2082 2612
988 1048
2234 2961
2178 2715
1999 3421
300 390
2528 4186
1079 1545
2653 3182
1367 1670
455 1331
2160 2534
719 1337
1903 3419
2490 3605
508 1369
811 2396
2183 2720
2738 3461
1134 2265
167 1362
209 1892
153 1417
675 2032
1578 2614
2599 2650
1318 2588
1225 2794
1799 3711
2002 2405
2880 3990
28 1146
2747 3586
1101 3016
38 402
2442 3843
2721 4383
662 795
295 357
1404 1565
55 1173
2424 3591
2265 2921
1631 2213
379 711
1243 2319
1775 3479
2295 2402
1589 3187
434 2260
830 2699
381 580
1058 2310
1652 1836
2208 3084
511 1276
2923 4866
1175 1934
2045 3515
2320 2674
764 878
2205 4074
2212 3755
251 384
1305 2546
368 1834
218 299
2799 3598
71 580
800 1781
2159 3772
1582 1971
151 997
1327 3084
1916 2521
